,Low_adj,others_cr,Adj Close,Open_adj,volume_vwap,volatility_kcl,volatility_bbl,volume_nvi,trend_psar_up,volatility_dcl,trend_ichimoku_base,lowerband,High_adj,trend_visual_ichimoku_a
Low_adj,1.0,0.9991525394134915,0.9991525394134915,0.9991182767638677,0.9907494769461361,0.9944369496185125,0.9811914752710317,0.9218993091215408,0.973044871804792,0.9826002176241256,0.9788786443696463,0.9862302137927645,0.9989057127766527,0.9253960844139353
others_cr,0.9991525394134915,1.0,0.9999999999999998,0.9984714981877446,0.9918684699690731,0.9948573924810047,0.9817805911411718,0.928673086361667,0.9751380293144797,0.9828737705416187,0.9807147799709659,0.9864937904136989,0.9991654315225746,0.9297971415348912
Adj Close,0.9991525394134915,0.9999999999999998,1.0,0.9984714981877445,0.9918684699690734,0.9948573924810038,0.9817805911411719,0.9286730863616667,0.9751380293144791,0.9828737705416184,0.9807147799709658,0.9864937904136991,0.9991654315225749,0.9297971415348909
Open_adj,0.9991182767638677,0.9984714981877446,0.9984714981877445,1.0,0.9922992118855972,0.9952088482561217,0.9820318127151004,0.9219332331251265,0.9759352417324481,0.9836605880722807,0.9808772970137816,0.9865619512613378,0.999402453917646,0.9279445145829907
volume_vwap,0.9907494769461361,0.9918684699690731,0.9918684699690734,0.9922992118855972,1.0,0.998182777916563,0.9925384016260275,0.927248223998166,0.9922465753429298,0.9929724832940456,0.9935843836347925,0.9940310855721455,0.9934090047968662,0.9457902759928155
volatility_kcl,0.9944369496185125,0.9948573924810047,0.9948573924810038,0.9952088482561217,0.998182777916563,1.0,0.9909240249930233,0.9244402362352407,0.9877302550952829,0.991403027618965,0.9877090636484519,0.9945300536840996,0.9957234411056458,0.9348926309317165
volatility_bbl,0.9811914752710317,0.9817805911411718,0.9817805911411719,0.9820318127151004,0.9925384016260275,0.9909240249930233,1.0,0.9154332827941126,0.9855357925587065,0.9978678381743313,0.9898659522809802,0.996676045637976,0.982916566048523,0.9395599213319038
volume_nvi,0.9218993091215408,0.928673086361667,0.9286730863616667,0.9219332331251265,0.927248223998166,0.9244402362352407,0.9154332827941126,1.0,0.9140178824515575,0.9102561800433406,0.9254094264796762,0.9169479525991158,0.9249094154376584,0.9234695092005122
trend_psar_up,0.973044871804792,0.9751380293144797,0.9751380293144791,0.9759352417324481,0.9922465753429298,0.9877302550952829,0.9855357925587065,0.9140178824515575,1.0,0.9866681690243433,0.9874502966303778,0.9851293709360167,0.9776223144831033,0.9377129989371016
volatility_dcl,0.9826002176241256,0.9828737705416187,0.9828737705416184,0.9836605880722807,0.9929724832940456,0.991403027618965,0.9978678381743313,0.9102561800433406,0.9866681690243433,1.0,0.9903516942857186,0.9947205092602592,0.9842811846881406,0.932403051533375
trend_ichimoku_base,0.9788786443696463,0.9807147799709659,0.9807147799709658,0.9808772970137816,0.9935843836347925,0.9877090636484519,0.9898659522809802,0.9254094264796762,0.9874502966303778,0.9903516942857186,1.0,0.9863549403789014,0.982714057916539,0.9641088389695157
lowerband,0.9862302137927645,0.9864937904136989,0.9864937904136991,0.9865619512613378,0.9940310855721455,0.9945300536840996,0.996676045637976,0.9169479525991158,0.9851293709360167,0.9947205092602592,0.9863549403789014,1.0,0.9871438660221057,0.9323187898109223
High_adj,0.9989057127766527,0.9991654315225746,0.9991654315225749,0.999402453917646,0.9934090047968662,0.9957234411056458,0.982916566048523,0.9249094154376584,0.9776223144831033,0.9842811846881406,0.982714057916539,0.9871438660221057,1.0,0.9317119252403374
trend_visual_ichimoku_a,0.9253960844139353,0.9297971415348912,0.9297971415348909,0.9279445145829907,0.9457902759928155,0.9348926309317165,0.9395599213319038,0.9234695092005122,0.9377129989371016,0.932403051533375,0.9641088389695157,0.9323187898109223,0.9317119252403374,1.0
